50_NUM	2006	1846592	108775
50	2001	1504823	80791
40	1966	397042	28347
30,000_NUM	2000	68419	21056
8vo	1856	35181	1288
9_NUM	1988	1452009	53476
2_NUM	1845	72935	2683
26_NUM	1920	105666	9667
1755	1964	6709	1713
1873	2006	60436	14498
1903	1936	24800	3907
150	1930	48549	7252
1938	1994	141999	21925
1960_NUM	1966	391682	19907
1963	1969	554301	24975
1980	1989	1191143	43642
1_NUM	1882	516813	7061
1_NUM	1991	8512659	66144
damnation	2003	15678	7768
date	1883	76612	6211
de	1972	2134016	32744
dangers_NOUN	1804	3273	688
de_ADJ	1995	233085	34227
deal	1881	62720	5814
decide_VERB	1929	30841	7516
deck_NOUN	1994	98770	14952
declared_VERB	1877	59412	4157
declare_VERB	1959	28052	7152
decline	1984	219826	27366
deduction_NOUN	1950	22550	2976
deep	2008	2205510	177554
deformed	2003	39476	14052
deleterious	2002	21995	10193
delightful	1901	33294	6065
demands_NOUN	1964	141493	18330
democratic_ADJ	1955	67471	5773
demography_NOUN	2001	12482	4566
depart	1967	21590	10173
depth	1983	233058	30296
depth	2006	600736	91455
descendants_NOUN	1919	12909	3557
described	1856	63439	4115
desire_NOUN	1984	276125	33906
determined_VERB	1964	349352	25946
developed	1976	670666	38697
developing_VERB	1959	69464	12280
diameter_NOUN	1872	23566	1637
did_VERB	1961	1632860	23832
di	1977	151999	9721
did	1961	1632860	23832
differ	2002	321313	59137
different	2008	7606620	198861
dimensions_NOUN	1928	19951	4158
different_ADJ	1875	187441	5146
direction_NOUN	1961	322640	21861
directly	1972	421126	37539
disappears_VERB	2004	66285	32684
disappointment	1888	11765	3522
discipline	1998	287506	43686
disclosure_NOUN	1974	23738	4849
discounts	2002	43402	14796
discover_VERB	1979	110799	25647
disk	1994	265137	13268
disorders	2003	431709	22543
disposed	1991	49514	18090
disposition_NOUN	1973	61039	14917
divide_VERB	2000	123639	43273
divine	1972	135111	13546
doing	1882	74509	6431
doing_VERB	1912	144331	12283
dolphins_NOUN	2003	25771	5609
during	2005	5639087	128592
duties_NOUN	1919	85521	8282
do_VERB	1989	6903612	62913
earlier	1989	826825	54743
ears_NOUN	2004	365032	73242
easiest_ADJ	1967	12774	7978
each	1909	730071	12493
ecclesiastical	1899	35672	3797
economic	1996	2083132	49891
economy_NOUN	1871	12510	2463
ecumenical	1983	7846	1717
effective_ADJ	1972	464575	33742
edge	2007	874720	105164
effects	2002	1954954	84838
elections	2003	302352	24632
element	1943	50832	6042
elevated	1987	88471	18443
else_ADJ	1953	15079	5916
emerged	2001	330571	59025
encouraged	1999	311061	57320
ended	1938	41570	7448
endure_VERB	1874	11846	3076
enduring_ADJ	2004	82709	34740
engineering	1985	186268	19168
enormous_ADJ	2008	501104	116832
enough_ADJ	1965	168757	24833
entirely_ADV	1965	281140	26975
equity_NOUN	1905	25032	2325
essay	1897	14192	3347
essence_NOUN	2001	267467	53710
established_VERB	1998	1083985	68595
exactly	2006	924257	114625
every	1978	1189045	42057
evident	1932	56419	7862
exact	1929	49536	9096
examines_VERB	1997	81774	26236
excellent	1990	280545	45806
excellent	2006	577555	99222
excellent_ADJ	1891	58786	6244
except_ADP	1987	596510	51258
exceptional	1960	32318	9969
excitement_NOUN	1899	42365	6843
excuse	1968	51954	16273
executive_ADJ	1994	172940	22519
executive_NOUN	1948	23116	3270
exemplify	2006	26275	15860
exemption_NOUN	1991	56771	7644
exercised_VERB	1902	37621	6977
exhibitors_NOUN	2005	8665	1881
existence_NOUN	1970	461523	33300
existential	1995	38948	8297
expectancy_NOUN	1967	10869	4332
expectation	1967	48647	14501
exists	2008	715649	122320
expectation	1991	86112	26506
expected_VERB	1852	47729	3908
expected_VERB	1998	895326	72004
expenses	1992	195086	23691
expensive	1972	98749	21667
experiences	1902	27971	5975
explained_VERB	1963	171180	22156
explains_VERB	1913	17117	5738
expressed	1976	359275	34974
expression_NOUN	1955	166618	12488
extension_NOUN	1852	10977	2156
extra	1953	52788	9478
extremely	1985	293309	39655
back_ADV	2003	5952273	120805
banks	1986	285849	23587
baron	1992	10355	3278
be	1928	6879789	12604
be	1938	7150419	12486
be	1940	6692224	11533
be	1954	9196055	16193
be	1959	11548525	20768
be	1992	36137907	72317
beam_NOUN	1962	78823	6434
became	1947	321044	12040
be	1999	45045861	91861
become	1954	439388	15195
becomes_VERB	1991	720742	54137
becomes_VERB	1996	897464	66024
become_VERB	1978	1208275	42569
bed	1956	125728	10340
been	1882	1858760	7287
been	1938	2586518	12445
been	1972	7607594	43405
been_VERB	1837	829427	2640
been_VERB	1976	7356424	44454
been_VERB	2005	20556738	135829
before	1907	1055004	13400
before_ADP	1991	3332463	65895
beginning	1965	424415	28935
beginning	1987	685669	51337
begun_VERB	2006	452388	93559
behaviour_NOUN	1970	138634	12246
being_VERB	1896	853942	9567
believe	1827	52533	2016
below_ADJ	2003	36032	19459
beneath_ADP	2004	467506	74217
best_ADJ	1955	373745	15712
bet	2006	181135	43276
between_ADP	1985	4666097	52336
between_ADP	2006	12055258	143190
be_VERB	1909	7517227	12635
be_VERB	1882	4791282	7293
be_VERB	1912	8260780	14311
be_VERB	1917	7259873	13531
be_VERB	1924	6206919	11216
be_VERB	1972	22458891	43653
be_VERB	1978	22648538	45575
be_VERB	1993	34679419	71584
be_VERB	1999	44976010	91859
be_VERB	2003	61397333	126913
be_VERB	2007	72295181	155353
birds_NOUN	2007	508773	67621
bled_VERB	2004	20716	13538
body_NOUN	1838	120954	2736
bomber	1992	17339	3513
borrower	1944	1882	547
both_DET	1813	76289	1139
boundary	1898	25328	4076
breaths	2008	51308	22644
brought_VERB	1944	184198	7985
build	1891	25437	5121
but	1991	13120805	67642
but	2005	28884922	136106
buttocks_NOUN	1993	15881	5913
by	1957	10407768	18976
by	1945	4955963	9542
by	1975	20727363	43859
by_ADP	1859	3677091	4572
by_ADP	1875	3906602	5335
by_ADP	1902	7487002	12323
by_ADP	2006	61169674	148318
gangsters_NOUN	2001	9377	3965
gave_VERB	1844	98935	2898
gentlemen	1852	35682	3027
get	1995	2976652	70011
given	1819	76276	1563
given	1832	131272	2475
go	1990	2153057	62934
goals_NOUN	1998	558542	46336
go_VERB	1932	370628	9852
ground	1923	208297	10766
group	1988	1906579	54316
grand	1923	30638	6250
growth	1973	736281	31096
grow_VERB	2007	758330	118506
facts	1985	292474	34170
failed	1971	240375	29546
failure_NOUN	1992	646199	50282
fall	1992	633369	61897
far_ADJ	1875	10229	3099
feel	1913	145238	11197
feels	1987	139071	28447
few_ADJ	1907	548450	13154
fields_NOUN	1995	484646	51096
fierce	2005	125559	46402
filtrate_NOUN	1997	5092	1077
finance_NOUN	1968	58886	10228
find_VERB	1920	432373	14090
first	1883	901073	8051
first_ADV	1893	134006	7830
flashlight	1979	6390	2377
flowers_NOUN	1923	72530	6407
fleet	1977	61511	8145
flow	1882	29117	4749
flows	1992	186650	26581
f_NOUN	1975	81973	17010
focus_VERB	2005	616489	85949
follow	1825	32254	2420
fond_ADJ	1855	14947	2907
food	1991	977881	50301
for	1901	7650032	11918
for	1925	7120774	11608
for	1941	7245835	10955
for	1956	11895350	17452
for	1976	27819833	44780
for	1983	32675073	49475
for	1979	29985864	47087
for	1992	50000376	72380
for	1995	54449333	77877
for	1996	57382017	82074
for	2000	73550291	103379
for	2001	75096827	104120
for_ADP	1908	8726807	13825
for_ADP	1921	7819331	12681
for_ADP	1930	8060685	13127
for_ADP	1934	6847617	10780
for_ADP	1959	13498544	20779
for_ADP	1976	27794932	44780
for_ADP	1984	34869280	52055
for_ADP	2004	96498205	139590
forced_VERB	2003	683648	92736
forces_NOUN	2001	1044646	67750
foreign	2005	1560247	86506
forever_ADV	1994	152517	36198
form	1967	1443317	36079
forms_NOUN	1934	130805	8367
forward_ADJ	2003	202718	43952
found	2000	4332258	99127
founded	1907	66481	8783
four	1919	334672	11969
four	2005	3301124	129353
fringe	1997	43845	16290
from	1994	26818435	76568
from	1995	27666119	77825
from	1958	7164567	19284
from	2002	41756051	117041
from_ADP	1888	3120890	7052
from_ADP	1937	4497340	12386
from_ADP	1976	14687191	44755
from_ADP	2000	37518376	103269
function_NOUN	2003	2279468	83120
fundamental_ADJ	1858	13468	1765
further	1963	649000	27566
future	2006	2450003	130885
jurisdictions	2007	85892	12977
had	1819	522190	1590
had	1950	4918751	15399
had	1956	5610965	17045
had	1984	12599061	50458
had	1985	13118690	51835
had	1998	21732871	84616
had_VERB	1792	159810	523
had_VERB	1850	1743633	3898
had_VERB	1885	3028559	7737
had_VERB	1909	4133853	12489
had_VERB	1999	23324397	89070
had_VERB	2003	34038975	123263
had_VERB	2005	37374603	133470
half	1975	791871	39920
handled	1988	97066	29336
hand_NOUN	1927	394888	12025
hardness	1956	17107	2640
harmonise_VERB	2007	5189	2773
has	2006	23876893	147071
has_VERB	1855	1069982	4398
has_VERB	1997	14614809	83356
has_VERB	2005	22331833	136842
hatred	1897	18850	4244
have	1912	4511286	14298
have	2001	31140728	103855
have_VERB	1832	1235475	2501
have_VERB	1923	3634743	11953
having_VERB	1954	385112	15165
having_VERB	2001	2176699	95428
hazards	1964	18605	6609
he	1877	3032526	5621
he	1995	20614064	72718
head	1928	305088	11048
head_NOUN	1991	1364041	55972
hear	2008	2437115	163417
heard	1990	724327	45956
heart	2001	1639667	82854
heat	1972	291284	23373
heats	1916	3660	894
height_NOUN	1814	12800	1090
held	1987	1073190	51189
help	1956	330119	15430
help_NOUN	1966	238488	27044
hemorrhage	1973	17375	1921
hepatitis	1996	55834	4139
he_PRON	1844	2182488	3078
he_PRON	1852	2678194	4441
he_PRON	1907	6060614	13307
he_PRON	1931	4909576	11995
he_PRON	1957	6868241	18162
he_PRON	1991	18308436	63249
her	1993	13721244	62155
her	2007	35727184	141957
hereditary_ADJ	1899	18376	3990
her_PRON	2008	49866839	190689
herself_PRON	1963	163609	14017
heterogeneity_NOUN	2008	66064	14402
hide_VERB	1846	4433	1610
highly_ADV	1967	316386	30962
him_PRON	1992	7034261	59119
his	1980	13119656	45087
his	1986	15685345	53670
his	2004	46169430	134416
his_PRON	1964	10389589	29421
honor_NOUN	1884	46771	2862
hoped	1928	38822	8013
hops_NOUN	2007	17719	6227
hot_ADJ	2003	817907	86814
hysteria_NOUN	2008	41394	17201
labor_NOUN	1993	680098	31196
lacking	2002	168656	55283
larger_ADJ	1884	70209	6607
labor	1994	807440	33967
larger_ADJ	1916	140224	11050
last	2001	2925909	98869
late_ADJ	1989	840923	53673
lateral	1993	180214	11089
latter_ADJ	1877	76139	4983
lawns_NOUN	2008	37508	19509
lawyer_NOUN	2006	352680	48031
la_X	2004	1003642	39862
lengthy_ADJ	2008	120134	52841
let	2008	4419269	186468
laying_VERB	1925	17647	5905
lieutenant	1959	17081	3208
life	1998	5142258	81370
light	1969	826815	35997
lights	1992	152067	29712
like	1978	2697446	43584
like	1991	4984507	66238
liked_VERB	1985	135485	21768
line	1905	379512	11947
literary_ADJ	1994	401981	25033
little	2001	3875800	98755
living	1986	749770	44845
local_ADJ	1951	270552	11706
lock_NOUN	2007	134743	39019
long	1981	2009105	44555
love	2005	3081973	102807
lower	1973	641803	36214
lower_ADJ	1855	60750	3791
lunar	1979	19613	3000
neglected_VERB	1938	23506	6886
neglected_VERB	1956	32687	9310
nature_NOUN	2001	2239410	89934
negotiation	1962	20053	4440
neural	2000	133529	8170
nineties_NOUN	1994	10590	5341
no_DET	1975	4508921	43398
no	2004	16459615	137437
no_DET	1992	7357613	71231
no_DET	2000	10641174	101660
noise	1987	221451	26022
non	1986	958285	44379
normally_ADV	2004	487474	78454
north	1890	91966	4723
northern_ADJ	1939	61249	5853
not	1874	3351946	5188
not	1915	5779362	13348
not	1918	5130141	12219
not	1926	5084405	11509
not	1932	5165329	10929
not	1949	7540934	15737
not	1953	7425513	15312
not	1969	17753805	40093
not	1973	17951742	42333
not	1988	27748726	60577
not	2004	71644897	139255
not_ADV	1874	3351542	5188
not	2001	52751609	103916
not_ADV	1893	4532549	8209
not_ADV	1967	16203569	37564
not_ADV	1970	18661718	41996
not_ADV	1971	17931454	41611
not_ADV	1984	23248361	51868
not_ADV	2008	104293105	205974
nothing_NOUN	2008	5147616	185607
notice_NOUN	1997	298129	42337
now	1991	3439086	65160
id	2004	97414	18326
if_ADP	1971	4172320	40967
ill	1917	67786	9766
image	2007	1873752	109273
important	1983	1928513	47010
improvement_NOUN	1834	17521	2033
in	1872	9482623	4768
in	1891	14220512	7600
in	1893	15374006	8214
in	1920	23719629	14671
in	1927	21077496	12560
in	1899	20220314	11421
in	1946	20584512	12452
in	1964	51256528	30661
in	1982	80116078	48444
in	1991	109428725	68157
in	1992	120754791	72390
in	1994	126838291	76661
in	1995	130379009	77888
in	1998	147264313	87418
in	2003	207810072	127057
in	2006	234716203	148337
in_ADP	1860	10044082	4921
in_ADP	1897	17092305	9632
in_ADP	1899	20035777	11421
in_ADP	1905	22844455	12833
in_ADP	1930	21300114	13131
in_ADP	1932	18034086	10940
in_ADP	1963	51044685	29568
in_ADP	1967	63474341	37633
in_ADP	1968	68471091	40613
in_ADP	1970	70002416	42049
in_ADP	1982	79448303	48444
in_ADP	1987	95142146	57853
in_ADP	1988	99089036	60667
in_ADP	1990	112374831	69214
in_ADP	1992	119674109	72389
in_ADP	1995	129186816	77888
in_ADP	1998	145881124	87418
in_ADP	1999	154407879	91978
in_ADP	2001	173218570	104146
in_ADP	2002	189483514	117201
in_ADP	2003	205633354	127057
in_ADP	2004	221424712	139614
in_ADP	2005	217650096	138130
in_ADP	2006	232279271	148337
incest	1988	25153	4048
incidents_NOUN	1893	14253	3953
included_VERB	2001	1226297	86355
including_VERB	2006	3436084	133539
include	1948	108708	11016
including	2005	3307362	125406
inclusion_NOUN	1982	61154	18825
income_NOUN	1939	125030	5910
increasing	1943	61204	6890
incurred_VERB	2005	132548	27716
indeed	1885	173427	7126
indirectly	2001	127298	40919
individual	1983	1188522	42521
individual	1996	1999284	69517
inferences_NOUN	2003	61134	14764
individual_NOUN	1955	115408	9725
individuals_NOUN	1830	21831	2056
inflation_NOUN	1967	40511	5970
informal	2002	251427	42723
inheriting	2004	9144	6405
injured_VERB	1995	61699	19583
in_PRT	1958	140915	15392
inserted_VERB	1976	55082	14486
institutions_NOUN	2002	949345	57528
instruction_NOUN	1932	46185	5191
instrument_NOUN	1897	50144	6030
insurgents_NOUN	1837	2072	398
intelligence_NOUN	2008	834036	110860
interactions	2003	437787	41027
interesting	1868	38698	3693
interesting_ADJ	1996	556243	63408
international_ADJ	2007	1914173	81242
interest_NOUN	1985	1244299	47525
interpret_VERB	1985	84116	24508
intersection_NOUN	1975	25796	6486
interview	1975	119965	15410
introduced	1950	106942	12082
invariably_ADV	2004	128403	46159
inverting	1988	5651	2088
investigation	2007	572645	79390
invitation_NOUN	2008	273939	87918
irregular	1920	32317	6633
irritate	2003	11323	7641
is	1947	13047208	14113
is	1954	15363924	16197
is	1961	24378517	25752
is	1982	43466835	48393
is	1991	59766979	68122
is	2002	105154387	117166
is	2003	114840123	127011
is_VERB	1823	2046015	2096
is_VERB	1951	15488130	15415
it	1877	4104824	5657
it	1982	19622720	48275
it_PRON	2000	46470151	103175
its	1908	2422324	13772
its	1991	8710054	66798
its	2003	16397766	124163
itself_PRON	1992	1628650	64532
can	2003	28162872	126225
came	1968	1213224	34114
camp	1921	62571	5564
can	1966	5556447	34930
candidate	2007	371673	56302
can_VERB	1932	1393142	10843
can_VERB	1925	1462349	11537
can	2005	29029618	137185
can_VERB	1969	6293645	39842
can_VERB	1976	7302169	44467
can_VERB	1987	10912005	57437
can_VERB	2001	22872569	103514
can_VERB	2008	36333794	205598
capitalist	1992	148193	13517
capricious	1989	9431	5609
capture_VERB	1975	28022	12072
care	1987	952747	47784
care_NOUN	1883	102971	7482
care	1921	159214	11332
care_NOUN	1998	1662117	70803
care_VERB	2007	628287	101365
carrier	1986	120173	13154
carry	1926	100181	9880
castles	1972	10015	3872
categories	1987	280593	33031
cast_VERB	1982	104828	25193
castles	2001	25310	8349
catalyst	1993	55867	12142
categories_NOUN	2008	590074	66587
category_NOUN	1873	2748	1027
cater_VERB	1965	4990	2851
causes_NOUN	1997	328954	45929
centuries_NOUN	1881	35204	4203
century	1967	845961	27414
chaired_VERB	1975	5214	2775
ceremony	1972	66666	13158
chairmanship	1968	8733	3846
challenged	1992	111411	30959
challenged_VERB	2007	255617	70532
changed	1912	95023	12134
character	1960	354292	18740
characteristic	2008	667342	113029
chapters_NOUN	1996	265876	43186
child	1973	920636	27300
child_NOUN	1989	1307726	41695
children	1861	106171	3224
children_NOUN	1983	1827210	36751
church	1914	195416	8108
churches	1976	102913	12942
circumstances	2005	1003113	99019
circumference	1918	7397	2057
cites_VERB	1986	27666	10474
civil_ADJ	1836	37868	2294
citizen	1991	110934	22446
classes	2005	852829	84581
clones	2005	34506	5892
club	1966	58551	11450
coating	2002	74995	12796
coal	1983	225125	15093
combination_NOUN	1920	65145	9380
comes	1989	572256	53725
command	1995	605642	41887
commands_VERB	2008	77030	38492
common	2008	4040856	188309
communities_NOUN	1980	187428	19876
community	2008	2789780	132972
company	1988	976857	40250
competition	2005	678328	71640
completion	2003	233438	55324
complete	1978	541749	40709
complexity	2000	296017	47661
complex_NOUN	1961	33104	7885
compressed_VERB	2002	66884	20104
compression_NOUN	1997	125596	10977
conceived_VERB	1981	77804	20220
concerned_VERB	1988	519098	48349
concrete	1976	179103	22022
conditions_NOUN	1949	431741	13796
conduct_VERB	1991	94750	27303
confidence_NOUN	1965	151140	20869
confined_VERB	1993	136994	35907
confirmed_VERB	2006	386583	83544
congratulations_NOUN	2003	17606	11457
confused_VERB	2008	261357	97898
considered_VERB	1888	100433	6426
consents	1970	3742	1919
constant	2004	953889	103752
constitutes_VERB	1945	16037	4001
consumption	1959	82544	7404
contented	1883	12131	4007
contextual	1999	51519	11966
contest	1978	41820	12074
contract	1908	88955	6655
contradicts	2001	23948	13441
contrary_ADJ	2000	326402	57135
contrasted	1991	40276	17815
contributions_NOUN	2003	398282	61008
controlled_VERB	1909	24121	5908
controlled_VERB	2006	398911	80897
costs	1984	638579	29207
could_VERB	1997	8099856	81891
countries	2001	1742945	65565
countries	1974	695916	25074
courage_NOUN	1982	80416	18772
courtyards	1999	8944	3781
courtyards_NOUN	1993	6700	2792
crafts_NOUN	1981	18635	6147
crankcase_NOUN	2002	3484	492
crew	2007	360533	48149
criticism_NOUN	1922	60130	8423
culturally	1978	23677	7678
curious_ADJ	1936	42983	6844
custom_NOUN	1946	33343	6416
cytosolic_ADJ	1997	8289	928
quartets_NOUN	2002	5711	1537
made	1926	1166558	11472
main_ADJ	2008	2227634	172114
maintained	1928	63090	8677
made	2004	9177566	137146
make_VERB	1922	811658	14509
making_VERB	1924	209994	10642
male_ADJ	2004	861648	75982
man	1998	3608899	71737
man_NOUN	1890	733200	6670
manual_NOUN	1992	58370	14746
many	1881	570328	6780
many	1961	1815617	24998
many	1963	2095808	28825
many_ADJ	1857	422304	4289
many_ADJ	1951	1165330	15151
maple	2002	31794	9736
marriage	1972	309990	20502
mass_ADJ	2008	426320	59174
masses	1994	145951	25659
masters_NOUN	1915	25462	5837
matter	1901	355925	11313
matter	1996	1458053	71852
matter	2005	2453431	122104
may_VERB	1831	506746	2455
may_VERB	1963	4250816	29168
me	1900	1704157	11226
mean	2006	2409354	130706
meaningful	1967	63968	14140
measured_VERB	1955	85587	9545
medical_ADJ	2003	1199199	73190
means	1912	454360	13717
medicinal_ADJ	1996	25600	7442
member_NOUN	1973	419393	31304
membranes_NOUN	1903	8885	743
memory	1915	69070	8431
menstrual_ADJ	1978	14486	2168
mercies_NOUN	1830	9419	857
me_PRON	1875	719683	5029
me_PRON	1991	5196479	56054
merest	2001	5145	3758
method	1954	356661	13546
met_VERB	1923	131167	10120
might	1937	567778	11779
might_VERB	1984	1961703	48312
military_ADJ	1901	111955	7056
mind	1927	356074	11335
minimal	1992	153493	33571
mirrors	1969	17964	6263
modification_NOUN	2005	185116	38150
modified_VERB	1998	178440	38802
mobility_NOUN	1981	89975	13997
modulate	1993	9924	3562
molecules_NOUN	1987	166558	7385
moment_NOUN	2000	1400596	80928
more_ADJ	1916	762608	13260
more_ADJ	1984	3285804	51027
more_ADJ	2007	10996907	153413
more_ADV	1932	1024692	10825
more_ADV	1990	6468461	67517
more_ADV	2007	14550301	151673
morphology_NOUN	1968	17787	2945
most	1936	981407	12022
most	1995	6555906	76276
most_ADJ	1980	1319541	44588
most_ADJ	2006	3983703	140351
most_ADV	1988	3208408	58689
most_ADV	2007	8285491	150038
motives_NOUN	1840	19322	2340
motor	1986	234001	20519
mourning_NOUN	2008	79554	34204
move_NOUN	1998	265868	54159
move_VERB	1986	446123	45833
must	1997	5208358	80497
must_VERB	1993	4523240	68772
obscured	2007	58482	33124
observations	1882	30548	3943
observed_ADJ	2006	174341	32970
occupational_ADJ	1980	94731	10142
of	1840	17514416	3196
of	1845	18504639	3293
of	1857	22709660	4319
of	1859	23677062	4572
of	1870	21289748	4588
of	1873	22853764	4799
of	1927	45364471	12560
of	1929	42380263	12430
of	1932	39100655	10940
of	1936	43918659	12168
of	1956	64946524	17453
of	1959	74639846	20780
of	1965	119455832	32998
of	1968	141459028	40613
of	1964	106123691	30661
of	1967	131307546	37635
of	1972	145488245	43700
of	1975	141073331	43864
of	1978	146095122	45652
of	1982	156108744	48445
of	1992	231147910	72390
of	1986	181699744	56268
of	1988	192042082	60669
of	1991	208982900	68158
of	1993	225526016	71656
of	1994	239711234	76662
of	1995	247109635	77888
of	1997	265851223	84099
of	2004	417100795	139614
of	2001	326871736	104142
of	2002	354863056	117204
of	2003	387152071	127061
of_ADP	1852	22551528	4461
of_ADP	1853	25020421	4706
of_ADP	1855	24626815	4404
of_ADP	1861	18191097	3663
of_ADP	1864	19220109	4089
of_ADP	1879	25538795	5912
of_ADP	1891	32627832	7600
of_ADP	1908	53184382	13826
of_ADP	1914	50235230	13962
of_ADP	1915	46362530	13357
of_ADP	1916	44477491	13448
of_ADP	1918	39069865	12225
of_ADP	1920	52381201	14671
of_ADP	1929	42360856	12430
of_ADP	1936	43896707	12168
of_ADP	1937	45049057	12389
of_ADP	1947	49702850	14115
of_ADP	1950	59823657	15761
of_ADP	1955	62150543	16994
of_ADP	1957	69860094	18977
of_ADP	1961	91631837	25762
of_ADP	1963	106490619	29568
of_ADP	1965	119384782	32998
of_ADP	1967	131227481	37635
of_ADP	1969	139609421	40152
of_ADP	1972	145381716	43700
of_ADP	1973	140755468	42412
of_ADP	1974	139338510	42420
of_ADP	1977	145504232	45230
of_ADP	1979	149883452	47093
of_ADP	1981	149832912	46105
of_ADP	1985	172595995	53730
of_ADP	1986	181532773	56268
of_ADP	1988	191864582	60669
of_ADP	1995	246859902	77888
of_ADP	1996	261286069	82089
of_ADP	2000	326256740	103397
of_ADP	2006	438981240	148339
of_ADP	2007	463019212	155465
of_ADP	2008	571397376	206258
offender	2006	89478	14203
office_NOUN	2005	1644104	99008
off	1996	2730964	77473
off	2004	5356981	132944
offing_NOUN	1989	2907	2330
often_ADV	1920	426073	13893
often_ADV	1967	1128894	34439
often	1896	326399	9263
on	1908	6162327	13826
on	1955	7986664	16993
on	2005	68929470	138072
on_ADP	1998	42186824	87382
on_ADP	2002	57015503	117144
only	1972	5232294	43421
openness	2003	88561	28019
opportunity	1990	481462	52248
option_NOUN	2005	695951	74294
or	2000	42307866	103213
or	1919	4585599	12581
or	2006	56768173	148146
or_CONJ	1907	5815549	13526
or_CONJ	1939	4956341	12232
or_CONJ	1990	26543796	69007
or_CONJ	1998	36139558	87242
or_CONJ	2008	70344209	206119
ordered	1979	195242	26822
other	1915	1737362	13307
others	1961	698264	23768
our_PRON	1889	919421	6351
out	1946	1474777	12320
outline_NOUN	1882	16654	3831
out	1986	5946007	55558
oval	1981	23097	6217
over_ADP	1941	683769	10713
owning	1986	20176	9266
raised_VERB	1971	285330	32577
rate	1964	646366	24512
rate_NOUN	1978	1047261	34930
reach	1946	79466	10194
reaction_NOUN	1970	387923	26955
rebirth	1962	7168	2781
rebuilding_NOUN	1905	1767	961
received_ADJ	1854	2702	1181
recognized	2002	680406	79058
record_NOUN	2000	724472	74483
receptors	2006	225474	9410
red	1860	58402	3798
red_ADJ	2002	1139364	84906
reduction_NOUN	2000	536884	48068
reeking	2008	14101	10633
reform_NOUN	1995	400045	25810
reforms	1966	56963	9074
regulates_VERB	1951	2787	1436
reigning	2003	18433	10575
related_VERB	2006	1525666	111881
relative	1984	518213	38852
remained_VERB	2006	1113435	106195
remains_VERB	1896	70629	8052
remarked	2005	181931	45676
remember	2003	1151313	97581
remembrance_NOUN	1882	11901	3415
remove	1965	94846	19935
reports_NOUN	1974	231954	26443
reproductions_NOUN	1929	2852	1223
representatives	1897	26791	4519
represent_VERB	1963	179447	22193
required_VERB	1976	695948	37734
research	2003	2939393	93541
research_NOUN	2004	3065419	97818
research_NOUN	2007	3413664	107564
resolution_NOUN	1963	121207	12984
resolved	1938	20759	5151
resonance	1990	76867	9971
respiratory	2007	204356	15131
respond	2008	539356	101776
restaurants	2006	150931	34376
resulted	2006	454098	81803
result_NOUN	1840	41647	2863
result_NOUN	2003	2342253	107504
resume	1995	66733	20302
retrieve	1963	3492	2352
return_VERB	1988	352885	45993
revolt	1886	12673	2009
revolutionary	2001	218907	31748
ridiculous	1999	61735	24506
romance	1968	30598	7592
risk	1996	1084642	56861
roofs_NOUN	1954	11168	3320
room	2008	4915688	180535
royalists	1964	2408	657
ruins_NOUN	1874	16099	2527
una	1977	42921	2769
unaccustomed	2004	14422	10596
under_ADP	2006	6990679	142309
underlying	2008	515106	76589
uniform_ADJ	1964	94269	16753
unimportant	2003	42909	26280
university_ADJ	1998	39863	15229
until	1908	472875	13187
until	1976	1120046	41422
until_ADP	1911	465571	13014
until_ADP	1988	1607345	56824
until_ADP	2005	3746751	129506
upon_ADP	1875	849244	5314
ups_NOUN	1994	50313	20667
use	1995	5048728	75469
utility_NOUN	2008	351933	60655
valued	2008	250700	80726
vast	1920	79289	10387
vast_ADJ	1843	29487	2374
vein	1997	120743	22911
very	1996	5256889	80095
very	2003	8327156	123896
viability_NOUN	2004	65794	21442
vigilance	1994	17183	9012
virus	1941	11242	746
visitors_NOUN	1908	22816	5642
voices	2008	517512	109302
votes_NOUN	1941	21578	2593
vowel	1960	16061	1175
vowel_NOUN	1989	31429	2916
abandonment_NOUN	1911	8610	3315
a	2006	232273788	148330
abnormalities	2001	103891	7362
a	1918	16125166	12225
above	2000	2509409	96680
accounts_NOUN	1855	24883	3227
aching_VERB	1997	20617	9542
acidity_NOUN	2006	25052	5262
acquired_ADJ	1994	20752	7089
action	1998	1857567	71893
action_NOUN	1975	951977	36229
actions_NOUN	1988	438066	38745
activity_NOUN	1954	194467	11803
addressee	1958	2921	515
add_VERB	2001	767501	81577
a_DET	1853	9269268	4706
a_DET	1924	16887216	11221
a_DET	1938	19561777	12494
a_DET	1959	31204167	20777
a_DET	2002	191507649	117199
aesthetic	1993	139354	16366
after_ADP	1968	2676706	39652
afterwards_ADV	1976	82720	16929
adverbs	1981	6716	1237
again	2000	3218080	97377
again_ADV	1958	627944	17957
against_ADP	1874	351318	5031
against_ADP	1986	2192162	52041
airplane	1918	6046	578
akin	1990	29577	15545
all_DET	1878	1699632	5520
all	1991	11633961	67957
all_DET	1926	2509918	11497
all_DET	1994	13084898	76506
all_DET	1995	13632647	77667
allergy_NOUN	1991	12571	2266
allocates	2007	12431	6057
allowing	1963	48872	15709
alloy	1988	47331	3876
allusion_NOUN	1992	25945	7936
alone	1823	43401	2025
also	1905	1079229	12618
also	1973	4484245	41784
also	1988	7222392	59500
also_ADV	1971	4392407	41071
alternatives_NOUN	2002	234757	47527
although_ADP	2007	2295997	127432
ambitious_ADJ	2008	196629	73597
an	1995	22670428	77664
an	2004	40072940	139173
an	2005	39207777	137580
an	1983	13511776	49332
analysis	1982	1059098	35727
analyst	2006	94900	19617
an	2008	51481535	205785
analyzed_VERB	2005	220696	41974
anatomy_NOUN	1999	76567	14550
ancient_ADJ	1912	136016	9744
and	1758	475906	196
and	1834	8260820	2585
and	1857	15294421	4319
and	1897	26303594	9632
and	1907	35516156	13533
and	1899	31775704	11421
and	1913	33640014	14064
and	1918	25457371	12225
and	1923	28306424	11962
and	1924	26022332	11221
and	1930	29935432	13131
and	1949	38182853	15753
and	1953	36668386	15325
and	1961	58462173	25762
and	1963	67518848	29566
and	1965	75416215	32996
and	1969	90922330	40149
and	1972	95717747	43696
and	1978	99516964	45647
and	1981	105095792	46107
and	1975	94249675	43858
and	1980	105371029	47191
and	1983	113142247	49480
and	1987	133827228	57854
and	1988	139683063	60668
and	1989	147639419	64026
and	1990	159522343	69213
and	1996	199713148	82085
and	1997	204381676	84097
and	1994	182021348	76659
and	1999	228161635	91981
and	2000	255989520	103398
and	2002	285501930	117202
and	2004	341461347	139606
and	2005	334803358	138120
and	2006	358027403	148331
and	2008	470825580	206255
and_CONJ	1855	16258904	4404
and_CONJ	1859	15927317	4572
and_CONJ	1883	24264431	8091
and_CONJ	1896	26790103	9663
and_CONJ	1897	26285121	9632
and_CONJ	1902	33303445	12325
and_CONJ	1901	32480250	11922
and_CONJ	1906	35461686	13309
and_CONJ	1913	33618766	14064
and_CONJ	1919	28009516	12583
and_CONJ	1927	29411286	12559
and_CONJ	1944	19126439	8695
and_CONJ	1956	41631937	17453
and_CONJ	1960	53496264	24048
and_CONJ	1966	79116380	35239
and_CONJ	1968	91136093	40612
and_CONJ	1969	90838616	40149
and_CONJ	1981	104981666	46107
and_CONJ	1980	105260661	47191
and_CONJ	1989	147467779	64026
and_CONJ	1992	171289217	72388
and_CONJ	1993	169361353	71655
and_CONJ	1995	187458211	77886
and_CONJ	1994	181795151	76659
and_CONJ	1997	204128215	84097
and_CONJ	1999	227875315	91981
and_CONJ	2000	255677047	103398
and_CONJ	2001	259398607	104139
and_CONJ	2002	285145298	117202
and_CONJ	2004	341045795	139606
and_CONJ	2005	334407859	138120
and_CONJ	2006	357625732	148331
and_CONJ	2007	380846175	155460
and_CONJ	2008	470334485	206255
an_DET	1848	1198271	3643
an_DET	1872	1453131	4764
an_DET	1884	2275568	7900
an_DET	1899	3125559	11413
an_DET	1918	2709342	12215
an_DET	1954	4438086	16173
an_DET	1908	3620355	13814
an_DET	1988	16856778	60455
an_DET	1997	24779272	83760
an_DET	2007	43859569	154964
an_DET	2008	51454930	205785
ankle_NOUN	1983	19271	4873
another_DET	2006	6100175	143220
answers_NOUN	2004	468288	85459
antennae	1863	3961	86
any	1914	1773415	13852
any	1973	4092429	41741
any	1977	4018701	44439
any	1995	6781421	76933
any	2001	9405035	103009
any_DET	1948	1800710	14525
any_DET	1986	4897712	55384
any_DET	1907	1855814	13446
any_DET	2000	9188737	102339
apartment_NOUN	1865	8016	1560
anything_NOUN	2007	2557347	129198
apostles	2004	58844	9814
appears_VERB	1828	50602	2159
applied	1886	68046	5143
appointment_NOUN	2007	302370	59829
are	1984	21794669	51884
are_VERB	1978	17725733	45554
are_VERB	1992	30789289	72219
are	2003	52871219	126866
are_VERB	2002	48435040	117011
arguing_VERB	1995	97868	29579
as	1890	5055385	7006
as	1914	8223291	13961
as	1970	22788550	42013
as	1976	22880568	44745
as	1984	27781355	51981
as	1996	46756638	81977
as	2006	83745423	147836
as_ADP	1849	2562295	3539
as_ADP	1981	21236726	46013
as_ADP	1983	22780684	49389
as_ADP	2004	69142766	139279
aspect_NOUN	1993	357874	48273
at	1973	12772501	42379
at	1813	571594	1148
at	1983	15336505	49406
at	1985	16743742	53656
at_ADP	1956	6284813	17441
at	1992	23073412	72302
atomic	2005	176263	20817
attempt_NOUN	1848	32500	3090
attempted	1971	156877	28178
attractive	1964	67117	16048
authority	1997	878537	52417
away	1995	1973333	71588
awful	1872	11516	2476
years_NOUN	1968	2525592	38534
you_PRON	1970	5309508	33573
you_PRON	1983	8832745	39744
your	2004	16230375	123888
your_PRON	1938	595724	9236
was	1900	10054248	12161
was	1921	8176846	12633
was_VERB	1883	6573829	8071
wanting	2000	158517	48483
was_VERB	1949	10496557	15703
was_VERB	1955	11292740	16924
was_VERB	1981	24745049	45701
way	2001	7119659	101858
weight_NOUN	1870	51038	3856
well	1924	730516	11113
went	1878	157301	4744
we_PRON	1856	1455880	4708
we_PRON	1998	13970290	83153
were	1923	3019495	11905
were	1964	7801623	30347
were	1987	13432253	57136
were	2002	26360998	115087
were_VERB	1910	3548927	13192
were_VERB	1975	10100333	43404
wh	1856	18708	411
what	1889	708235	6400
what	1915	1021717	13031
what	1945	801960	9178
what_PRON	1938	1011227	11945
what_PRON	1988	5350818	58170
when	1908	2027943	13765
when	1961	3018104	25459
when	1993	8297968	70969
when_ADV	1995	9148305	77109
when_ADV	1886	1042644	6174
when_ADV	2007	20192116	154017
where	1980	2804753	46158
which	1805	738163	1054
which	1828	1893857	2320
which	1882	4566343	7293
which	1932	4545194	10925
which	1934	4577457	10760
which	1938	5284838	12470
which_DET	2008	56653810	203688
which_DET	1970	15037666	41833
while	1957	740892	18229
who	1893	1758146	8101
who	1971	5939013	39988
who	1973	5825049	40763
whom	1964	493870	23530
whom_PRON	1866	212019	4229
who_PRON	1888	1539598	6967
who_PRON	1937	1946850	12008
who_PRON	1980	6153966	45436
who_PRON	1995	11039115	75878
who_PRON	2006	21913482	144276
will_VERB	2005	20532815	136512
with_ADP	1955	9319228	16994
with	1881	4743771	6836
with	1905	7824879	12833
with	1994	41186015	76642
with_ADP	1978	22318281	45625
with_ADP	1991	35412108	68134
witnessed	1850	12835	2580
woo	1990	5461	3317
work	2006	9812598	144239
world	2003	5943158	119085
would_VERB	1967	5702260	36985
writing	1984	548217	39760
page_NOUN	2006	1425822	104860
pain_NOUN	2006	1536613	89930
pairs	1991	143881	24356
pales	1998	2844	2469
paradigm_NOUN	1999	150545	23921
parallels	2005	91392	31105
pamphlet_NOUN	1979	28367	7577
parent_NOUN	2003	483109	58197
parent_NOUN	2006	526135	66692
parking	2005	216617	35305
part	1916	701813	13137
part	1854	455968	4777
part	1939	721805	12022
part_ADJ	2001	149545	41524
partially	2007	279111	77956
particular	2008	3532585	180557
particular_ADJ	1988	1362943	54270
particular_ADJ	1998	2112760	76718
particularly_ADV	1972	641122	37482
partnership_NOUN	2006	362436	42418
patriotic	1879	6690	1631
pattem_NOUN	2004	6656	1060
passes	2006	276419	72777
passing	1936	76128	9761
pearls	2004	44210	17221
peculiar	2001	151855	40622
peer_ADJ	1988	23427	5416
peinture	2004	3113	846
pension_NOUN	2003	192176	20419
perfect	1991	310690	45848
perfect	2007	963483	120187
perhaps	2004	1901650	113346
person	1997	2332159	70766
personal_ADJ	1998	1482191	71643
personality_NOUN	1891	14041	2706
person_NOUN	1978	1058332	35635
persons	1963	396731	21185
persons_NOUN	1916	162823	9448
perspective	2004	917159	84235
petals_NOUN	1984	14518	3924
pitiful_ADJ	2007	37798	20983
places	1922	159312	12920
places	1939	121199	10365
plant_NOUN	1963	248664	15194
plants_NOUN	1993	548405	34267
plays_VERB	2006	317274	78792
plastic	1980	121612	15880
pleasure_NOUN	1812	27108	1193
pointed_ADJ	2004	62998	29609
poets_NOUN	1879	15402	2388
pointing_VERB	1998	148701	46316
points_NOUN	1996	908753	67319
poisoning	1875	4865	803
policy_NOUN	1994	1617133	43810
poles	1996	65904	20268
political	1871	57140	2871
politics_NOUN	2001	813626	49868
positioned_VERB	2005	131830	43074
portions	1978	69820	18519
position_NOUN	1872	118855	4398
positions	1927	35710	6571
possessing_VERB	1853	12016	3183
possible	1997	2511154	77929
postulated_VERB	1992	28282	10792
post_X	1856	3008	736
power	1994	2624834	65650
powers_NOUN	1997	466483	44710
postwar	1968	43732	6310
prefer_VERB	1953	33453	8452
present_ADJ	2004	2512709	121097
practical	2001	635981	73549
prefixed	1828	2239	662
presents_VERB	1992	217469	43220
presided_VERB	1941	6724	2135
president_NOUN	1973	192257	14686
pressure_NOUN	1973	516098	29850
presumed_VERB	2006	91793	36125
prevailed	1904	25692	6828
prevent	1783	2900	250
prevail_VERB	1949	15030	5468
prevent_VERB	1809	14842	1065
prevent_VERB	1873	45059	4007
prices	2003	650135	48707
prices	1992	537721	30200
pride_NOUN	1944	27911	4902
principles	2005	1008926	82281
principles_NOUN	1985	374522	34353
probably	1955	302340	15106
probably_ADV	2003	1868743	108816
probing	2008	43167	23260
problems_NOUN	1993	1777787	61621
proceed	1842	30859	2395
process_NOUN	1866	51551	3424
proclaim	1860	5482	1940
produced_VERB	1952	225895	12875
products_NOUN	1946	105301	7101
professor	1998	185384	32524
programs_NOUN	1995	941090	38486
program	1993	1439345	43256
programme_NOUN	1984	175985	12521
pronoun	2001	45526	6628
proper	2005	846509	101753
proportion_NOUN	1884	62652	5959
promoted	1959	21672	6578
proprietor_NOUN	1988	20023	6680
proved_VERB	1931	96414	9881
provided_VERB	2006	2137439	122559
prose_NOUN	1983	67474	9383
provider_NOUN	1999	129388	17095
purposes_NOUN	1963	269450	23193
puzzled_VERB	1999	38804	18905
sad	1997	143699	35712
salts	1947	27733	2100
same_ADJ	2005	7978702	133421
saved_VERB	1882	32977	5338
scapegoat_NOUN	2001	10956	6308
scarcely	2006	214041	40293
saw	1803	14782	805
scribe_NOUN	1987	8713	2592
seated	2006	224756	58928
sea_NOUN	1907	186778	10474
sedimentation_NOUN	1978	23468	2222
see	1896	635547	9424
seed_NOUN	1992	163848	22990
see	1938	727892	11825
seeds_NOUN	1975	81916	13822
see	1973	2405099	40487
seen	1855	197168	4298
seen_VERB	1841	121499	2970
seen_VERB	1914	392675	13188
sell	1980	155429	22857
sense_NOUN	2005	2948894	120108
service_NOUN	1897	168590	8310
sent	1995	726658	57692
services	1996	1376453	52513
sets	2003	656679	89857
sets_NOUN	1969	102047	20309
seven	2005	1012151	111862
sexual	1936	43546	2344
shack_NOUN	2003	25320	8657
shake	1970	34124	13704
shed	1935	15306	4777
she	1938	1142316	9452
shipping	1907	14772	3160
short_ADJ	1924	196448	10497
should	2002	9008390	112605
should	1975	3439791	42674
should_VERB	1966	3017128	34350
showed_VERB	1983	393159	37514
six	1991	852245	59745
sister	1936	56787	5983
skill_NOUN	1966	123525	20423
sliding_VERB	2006	111616	35882
small	1988	2194312	58383
small_ADJ	1985	1985769	51448
smallest	1899	19740	6323
so	1792	99137	490
so	1964	3831881	30217
so	1992	8303899	71442
so_ADP	2008	5233155	197912
social_ADJ	2005	5203736	99574
so_ADV	1972	4231493	42848
socioeconomic	1978	38473	6765
soldier	2006	303837	46523
sold_VERB	1930	88076	8159
sole	1906	38049	8416
some	1964	3297194	30298
some	2005	14374106	135762
some_DET	1966	3915339	34841
some_DET	1995	8188685	76869
some_DET	2007	16560782	153278
someone_NOUN	1953	64813	8247
something_NOUN	1934	242227	8992
something	1996	2131475	69704
something_NOUN	1950	340575	12819
something_NOUN	1979	864044	37029
somewhat_ADV	2008	1179112	154419
sometimes_ADV	1923	195210	10624
songs_NOUN	1961	50997	7353
soon_ADV	1976	528276	36714
sophistication_NOUN	1972	19488	9316
sought_VERB	1991	337043	43375
southern	1854	28598	2806
space	1994	1116686	62184
speaking	1991	348138	46533
special_ADJ	2006	1992528	132529
species_NOUN	1988	676718	24289
specifically_ADV	2001	452642	67076
spinal	1956	22067	1352
specimen	1932	24555	3296
spoke	1924	67270	6691
spot	2002	426588	71679
sputum	1921	4006	236
staff_NOUN	1987	504200	34859
stages	1983	245837	32221
standing_VERB	1908	89075	11325
standing_VERB	2006	853921	106237
starting_VERB	1949	38003	8780
stated	1999	550145	60070
static	1972	63077	15082
states_VERB	1909	17886	4788
staying_VERB	1995	97114	31995
steaming	2003	31714	15372
steel_NOUN	1963	178877	13359
steel_NOUN	1995	265781	30475
still_ADV	2006	6061727	142568
still_ADV	1963	1194891	28032
stock	1925	135777	7955
stock_NOUN	1951	164635	9627
stood	1991	487100	38655
stopping	1988	57791	22238
stormed	2003	26488	15031
straight	1905	76717	9197
stream	2004	468071	75307
stricken	1905	12087	4836
striven	2000	4846	3944
string	2002	470974	47540
strong	1996	1164732	73707
striven_VERB	2000	4712	3860
struck	1896	68363	7450
studies_NOUN	2008	2148134	118774
stuff	1969	43886	12381
style	1983	448730	32820
substantial	2005	557521	76046
succeeded	1953	64638	9481
successfully	2005	404956	83688
successfully	2007	442366	94190
such	1912	1667290	14240
such_ADJ	1915	1323184	13220
such_ADJ	1974	4116305	41614
sugar_NOUN	1834	9226	1022
sugar_NOUN	2002	360405	41739
sulfate	2004	56987	5487
summation	1957	6669	2061
sunny_ADJ	1911	9558	3686
sunrise	1978	9841	4705
superior	1863	34764	2913
supportive	1996	95529	26020
support_NOUN	2004	2313869	115153
supposed	1864	57827	3724
suppose_VERB	1877	58558	4722
surplus	1982	100730	13810
surprising_ADJ	2004	292947	78406
surrounding_VERB	2003	389098	81042
survey	2004	608586	68617
suspended_VERB	1940	20271	5079
surviving	1964	25562	8336
sweat_NOUN	1990	36360	12636
syncytial_ADJ	2007	5783	823
system	1978	2214027	40706
taboo	1988	16235	6415
taken	2003	2731264	117667
talking_VERB	1955	65716	8373
table	1992	898380	55451
tankard_NOUN	2008	6601	3194
technical_ADJ	1967	261839	24507
test	1914	117067	9703
testing	1941	23567	3952
than	1813	195421	1147
than	1909	1733699	12588
that	1805	1088622	1054
that	1859	5467298	4572
that	1904	12229752	13402
that	1913	11529966	14060
that	1915	10138492	13355
that	1929	9984690	12427
that	1976	33018411	44733
that	1987	46062583	57765
that	1988	48038618	60590
that	1969	31319644	40116
that	1991	54266288	68097
that	2003	114508195	126960
that	2005	121406620	137952
that	2006	130320510	148193
that_ADP	1909	7203766	12633
that_ADP	1987	27670795	57621
that_ADP	2000	51683626	102911
that_ADP	2006	73433983	147397
that_DET	1901	3909724	11912
that_DET	1905	3981429	12820
that_DET	1831	1112968	2456
that_DET	1970	11284904	41933
that_DET	1992	24644344	72168
that_DET	1998	32042844	87214
that_DET	2006	56498755	147996
that_DET	2005	53306178	137752
the	1812	9553750	1285
the	1814	9810716	1325
the	1830	19574597	2615
the	1834	18139679	2585
the	1837	20368550	2642
the	1855	36637585	4404
the	1842	21003238	2711
the	1866	32780450	4373
the	1874	37052711	5190
the	1875	37764809	5335
the	1882	48513673	7295
the	1888	46350938	7053
the	1897	59799852	9632
the	1903	72713978	12386
the	1900	76981555	12204
the	1905	78879284	12833
the	1911	78069188	13659
the	1918	60263229	12225
the	1921	70540548	12681
the	1923	65375274	11962
the	1935	64309864	11543
the	1937	68436463	12390
the	1941	59965849	10956
the	1936	66907756	12168
the	1946	65609856	12452
the	1942	57853835	10560
the	1943	49443526	9221
the	1948	82107482	14721
the	1953	86473827	15325
the	1954	89711993	16200
the	1958	107276947	19292
the	1959	112596468	20780
the	1962	153834281	27760
the	1964	159341151	30661
the	1966	188248416	35242
the	1968	212806186	40613
the	1969	210081520	40152
the	1972	217300372	43699
the	1974	207592735	42420
the	1976	214030703	44784
the	1978	218815437	45650
the	1979	224345909	47092
the	1977	217103442	45230
the	1981	225814013	46105
the	1984	255588136	52065
the	1989	311739989	64025
the	1991	325067557	68156
the	1992	358923608	72391
the	1993	350834653	71654
the	1994	372910301	76660
the	1995	385257148	77889
the	1996	407171496	82087
the	1997	417056012	84100
the	1998	435919307	87420
the	2002	576449431	117204
the	2003	630894003	127057
the	2007	749205383	155466
the	2008	927838975	206260
the_DET	1722	494975	96
the_DET	1778	1126251	211
the_DET	1804	6662008	1079
the_DET	1830	19574040	2615
the_DET	1809	7820658	1188
the_DET	1836	22432108	2951
the_DET	1843	24622023	2899
the_DET	1852	33803251	4461
the_DET	1854	41557007	4810
the_DET	1858	32593663	4108
the_DET	1864	29098042	4089
the_DET	1865	29964399	4265
the_DET	1866	32778466	4373
the_DET	1868	32329363	4509
the_DET	1875	37761980	5335
the_DET	1876	39865550	5691
the_DET	1879	38734349	5912
the_DET	1882	48509468	7295
the_DET	1883	53833802	8091
the_DET	1886	43083893	6194
the_DET	1896	60950486	9662
the_DET	1898	64544492	10193
the_DET	1899	70271732	11421
the_DET	1906	80914988	13309
the_DET	1904	80828190	13406
the_DET	1911	78062185	13659
the_DET	1920	80182434	14671
the_DET	1925	62538484	11608
the_DET	1928	68148296	12610
the_DET	1932	59216941	10940
the_DET	1939	69544311	12254
the_DET	1941	59956173	10956
the_DET	1943	49435666	9221
the_DET	1944	44495607	8695
the_DET	1950	91031198	15761
the_DET	1951	87726567	15418
the_DET	1955	94602869	16994
the_DET	1958	107257887	19292
the_DET	1962	153805697	27760
the_DET	1963	159907978	29568
the_DET	1961	138497555	25761
the_DET	1960	128073151	24048
the_DET	1964	159310687	30661
the_DET	1965	179182243	32997
the_DET	1966	188210728	35242
the_DET	1969	210036651	40152
the_DET	1973	209747631	42411
the_DET	1974	207541370	42420
the_DET	1975	209637433	43862
the_DET	1978	218756922	45650
the_DET	1985	261757138	53729
the_DET	1987	284859651	57853
the_DET	1988	295710406	60670
the_DET	1989	311631882	64025
the_DET	1992	358789958	72391
the_DET	1997	416888527	84100
the_DET	1999	464482116	91980
the_DET	1994	372762317	76660
the_DET	2001	524353805	104144
the_DET	2003	630639735	127057
the_DET	2004	677324599	139613
the_DET	2005	658028955	138131
the_DET	2006	703071992	148338
the_DET	2008	927556944	206260
their	1896	2697957	9642
their	1919	2640239	12557
their	1922	3067813	14708
their	1960	4943130	23544
their	1967	7779485	37323
their	1983	9702633	48984
their	2007	34821879	154639
their_PRON	1986	11232089	55794
their_PRON	2005	30031888	137149
their_PRON	1981	9154652	45638
theme_NOUN	1994	287950	39725
themselves	1930	318741	11981
then	1911	1105397	13503
then	1986	4080740	55036
then	1997	6473318	81989
then	2008	16874895	203001
then_ADV	1961	1771780	25126
there	1893	1364798	8185
there	1976	5244395	44193
there	1954	2237191	16052
there	1966	4455909	34754
therefore	2003	2114204	97294
these	1976	4862921	44322
these	1985	5868974	52801
they	1803	390508	940
they	1928	2723252	12542
they	1944	1846513	8655
they	1950	3422793	15582
they	1971	8112059	41252
they_PRON	1941	2298399	10862
they_PRON	1955	3634646	16849
they_PRON	2006	31413139	147285
thing_NOUN	1849	123253	3370
things	2007	4810259	138872
things_NOUN	1897	336516	8851
things_NOUN	1941	296181	9181
thinks_VERB	1992	154992	33834
third	1973	598252	38408
third_ADJ	2005	1705101	120831
thirty_NUM	1930	79117	9772
this	1877	2337631	5656
this	1897	3429979	9626
this	1914	4403885	13954
this	1937	3830013	12385
this	1983	13895642	49285
this	1965	10616511	32972
this	1985	15103821	53500
this	1995	22958005	77785
this	1997	24959946	84007
this	2006	44016200	148214
this_DET	1838	1461965	2813
this_DET	1873	2116541	4799
this_DET	1922	4553692	14773
this_DET	1958	6315023	19278
this_DET	1967	11570169	37592
this_DET	1990	19500653	69056
this_DET	2003	39084917	126939
those	1987	3714125	56378
those	2000	6851231	99692
those_DET	1758	25680	169
those_DET	1899	1008221	11338
those_DET	1988	3875380	59067
though	1923	420417	11084
thought	1842	106048	2610
thoughts	1950	68023	8171
thread_NOUN	2007	216647	52380
threat	2001	444871	59432
threatened_VERB	1970	94554	20384
three_NUM	1963	1338455	28846
threw	1963	48527	11143
through	1909	886655	12465
through	1936	823754	11971
thumping_VERB	2001	8154	5719
thus_ADV	1952	359209	13698
tire	1963	11535	4451
to	1783	502488	278
to	1828	6766940	2320
to	1842	8348186	2711
to	1872	12586657	4768
to	1888	17511379	7054
to	1930	25805185	13131
to	1964	57868235	30660
to	1965	65485805	32997
to	1969	78544220	40151
to	1970	81791679	42045
to	1978	84584638	45649
to	1979	87666389	47092
to	1984	101694726	52063
to	1987	114793941	57853
to	1990	136717364	69216
to	2003	275354197	127056
to	2006	310233245	148321
token	1995	63404	20411
told	1837	51975	2313
too	1907	600980	13081
top	1842	20225	1862
to_PRT	1813	3508895	1148
to_PRT	1825	7774360	2571
to_PRT	1841	9165739	3048
to_PRT	1846	10906306	3305
to_PRT	1856	15364412	4728
to_PRT	1860	14031091	4921
to_PRT	1891	18429925	7600
to_PRT	1908	30007720	13826
to_PRT	1863	9507820	3527
to_PRT	1890	17256573	7006
to_PRT	1922	29431649	14780
to_PRT	1928	25124554	12610
to_PRT	1945	18807724	9542
to_PRT	1962	55898874	27758
to_PRT	1963	58605239	29566
to_PRT	1967	72598577	37632
to_PRT	1968	79326024	40612
to_PRT	1973	79745829	42412
to_PRT	1990	136372037	69216
to_PRT	1992	146726534	72386
to_PRT	1993	145047909	71650
to_PRT	1995	160749436	77885
to_PRT	2000	221357628	103394
to_PRT	2002	250180196	117192
to_PRT	2003	274602676	127056
torch_NOUN	1969	12246	5312
toured	2008	22816	11409
towards	2005	1387784	82539
town	1863	68835	2803
traders	1913	14946	2850
tradition	2007	955054	83608
tranquillity_NOUN	2008	60868	25429
transaction_NOUN	2002	359643	26633
transfer	1972	249324	23883
transferred_VERB	2007	352039	76992
travel_NOUN	1984	115053	22610
travel_NOUN	1992	188455	33235
treatment	1984	872268	37983
tree	2005	988105	87797
trees	1923	116623	7668
trial	2002	738267	59599
trial_NOUN	1859	40972	3513
trials	2006	368795	49781
tribe_NOUN	1864	12513	1769
tributaries_NOUN	1986	10844	3339
trips	1908	5658	2317
trips	1995	88623	24948
trouble_VERB	1978	9161	5724
trust_NOUN	1985	172266	22608
truths	1942	8870	2274
trying_VERB	1976	288760	31536
two_NUM	1981	4475242	45490
types_NOUN	1937	133901	8127
